simulation 100 2 10 1 10000 0
H1 0.041 1
simulation 100 2 10 1 10000 0
H2 0.081 1
simulation 100 1 10 2 10000 0
O16 10.9709 2
U238 10.9709 1
simulation 100 1 10 3 10000 0
O16 10.97 2
U235 10.97 0.00711
U238 10.97 0.99289
simulation 100 1 10 3 10000 0
H1 6.76 2 
O16 6.76 3
U238 6.76 1
simulation 100 1 10 4 10000 0
H1 6.76 2
O16 6.76 3
U235 6.76 0.00711
U238 6.76 0.99289
simulation 100 2 10 1 10000 1
H1 0.041 1
simulation 100 2 10 1 10000 1
H2 0.081 1
simulation 100 1 10 2 10000 1
O16 10.9709 2
U238 10.9709 1
simulation 100 1 10 3 10000 1
O16 10.97 2
U235 10.97 0.00711
U238 10.97 0.99289
simulation 100 1 10 3 10000 1
H1 6.76 2 
O16 6.76 3
U238 6.76 1
simulation 100 1 10 4 10000 1
H1 6.76 2
O16 6.76 3
U235 6.76 0.00711
U238 6.76 0.99289