simulation 100 2 10 1 10000 0
H1 0.0244963 1
simulation 100 2 10 1 10000 0
H2 0.0242189 1
simulation 100 1 10 2 10000 0
O16 0.0244673 2
U238 0.0244673 1
simulation 100 1 10 3 10000 0
O16 0.0244672 2
U235 0.0244672 0.00711
U238 0.0244672 0.99289
simulation 100 1 10 3 10000 0
H1 0.0141333 2
O16 0.0141333 3
U238 0.0141333 1
simulation 100 1 10 4 10000 0
H1 0.0141343 2
O16 0.0141343 3
U235 0.0141343 0.00711
U238 0.0141343 0.99289
simulation 100 2 10 1 10000 1
H1 0.0244963 1
simulation 100 2 10 1 10000 1
H2 0.0242189 1
simulation 100 1 10 2 10000 1
O16 0.0244673 2
U238 0.0244673 1
simulation 100 1 10 3 10000 1
O16 0.0244672 2
U235 0.0244672 0.00711
U238 0.0244672 0.99289
simulation 100 1 10 3 10000 1
H1 0.0141333 2
O16 0.0141333 3
U238 0.0141333 1
simulation 100 1 10 4 10000 1
H1 0.0141343 2
O16 0.0141343 3
U235 0.0141343 0.00711
U238 0.0141343 0.99289