hollow_2mat  0 0 0  0 0 0   0   0 3   5.0 5.0 8.0   5
general 0 0 0   0 0 0   0 0 0
4
0 1 n i 2 i 3 i
1 1 0   0 0 0   0 0 0   -4.2025   0
1 1 0   0 0 0   0 0 0   -4.0000   0
0 0 0   0 0 0   0 0 1   -3.5      0
0 0 0   0 0 0   0 0 -1  -3.5      0
general 0 0 0   0 0 0   0 0 0
3
0 1 i 2 i
1 1 0   0 0 0   0 0 0    -4.0000   0
0 0 0   0 0 0   0 0 1     0.0      0
0 0 0   0 0 0   0 0 -1   -3.5      0
general 0 0 0   0 0 0   0 0 0
3
0 1 i 2 i
1 1 0   0 0 0   0 0 0   -4.0000   0
0 0 0   0 0 0   0 0 -1   0.0      0
0 0 0   0 0 0   0 0 1   -3.5      0